239136
531940
103414
339847
115320
173132
148941
212318
990366
206727
841349
792564
275645
707749
175035
150524
140319
809252
654350
202719
567961
767464
613235
195041
481951
224022
180533
210415
121719
162228
579665
163331
654552
157336
165032
664757
168947
555651
192237
176845
227432
200210
529549
160123
150928
111716
572045
137229
761957
147737
178748
208428
113619
687163
105115
955465
592455
656657
856968
209531
103818
580751
773257
835657
127226
598568
206525
792766
209935
856766
144125
346945
142828
214221
178142
128632
121921
870861
161630
107422
176441
113821
419239
530635
182032
109325
552241
160729
468050
896778
175237
180937
559457
150726
165638
660951
187547
800941
168341
192035
202113
187345
872562
789373
111514
485757
499566
210617
377451
107220
188751
753251
135124
214423
173738
567759
413934
155231
987983
129129
142424
445543
206929
565452
119126
133827
198350
715647
932554
978578
100206
638049
125525
673455
362034
134728
169747
513130
201414
350330
550439
130720
164636
371843
177645
151728
680452
432332
223929
108121
310621
578057
175540
298455
179346
146937
617748
618952
555348
112819
139233
117930
128127
207123
583858
320826
153025
256540
149741
580044
644246
130114
573249
205826
137936
680250
996782
194645
734247
803240
725751
927359
198249
467351
186141
159340
201818
536647
744553
211619
120515
965771
382242
481042
597869
729557
183034
114318
108323
604537
873968
392447
116221
137532
295146
810439
169545
715950
984472
146331
172938
211821
221218
148436
393550
378756
118528
175742
561949
129634
901038
192540
126628
686969
644044
300618
130316
136227
285345
127731
102816
191336
233326
205220
657659
833249
709551
146533
172534
122620
199958
647858
153227
169949
589567
571144
160830
849264
170631
116423
161327
120717
119833
385450
828862
167440
213522
540436
159946
756055
193239
734045
679568
212419
190031
765864
138534
185341
922854
859671
993675
366042
198855
731140
135225
753150
140420
286347
103111
765056
255740
321323
136833
102008
237334
123723
145531
971160
153833
735148
570243
206222
394956
131823
144428
149337
886674
204521
212823
125222
208327
175136
562345
433839
704238
123925
763557
157437
555954
810843
728454
178243
769064
480141
361234
131419
123117
198653
386250
185947
662551
549757
495255
167036
679770
121416
414229
318637
174841
137128
522434
119025
303624
171734
325129
123521
341834
219231
192136
926862
869472
196750
158843
519647
943862
334635
573451
113922
118730
759869
179952
284646
176542
101410
140824
146129
115017
147030
117324
150625
702133
208125
376247
524135
198451
616645
966975
894774
115825
757764
107725
706040
917255
156233
208630
865363
134223
322224
346137
623844
194746
576255
129937
110613
878877
151223
132118
200008
172635
112516
774663
153126
833148
201111
186848
748258
732243
816653
857263
663755
251833
189652
182840
205119
136126
558960
992673
192641
163129
293748
671855
179245
516742
213017
108828
957974
106521
203418
154734
238033
665254
180129
523032
186444
120010
158338
199655
185038
406836
112314
127832
207426
159441
962058
436239
970764
615744
645450
919966
126325
286650
137633
561242
825048
882161
469961
104416
492754
885975
177746
143325
102715
395756
146634
110411
124624
151021
101107
217429
317332
397861
173940
148133
424939
894067
336841
620434
159845
156031
395958
134021
129331
421226
779370
239944
236130
441939
114419
213421
189450
290136
164131
406432
599065
135932
585862
788876
188549
609143
871762
361941
169040
191235
930449
401422
118023
521331
191437
330324
166438
360030
274542
694362
211922
228434
120212
933253
176037
520228
165840
181232
519950
871964
114823
130417
309636
209329
129533
170934
144933
553344
283543
517239
952863
205725
867468
149842
581450
137431
195647
175439
182436
316835
908860
185846
105923
187143
131924
133019
204016
248339
153934
693764
559053
166640
171431
162026
872764
380036
329844
749361
113417
145632
123420
214625
257542
837964
137027
103212
250932
342129
628248
751550
110007
392750
155635
212116
453441
145834
888678
391748
100408
208024
113215
822244
159239
138231
204622
140925
136732
121315
723141
117021
771354
579867
158540
316633
168745
153732
140117
131722
109123
161832
802844
588565
742549
393247
171633
118831
685058
786569
849971
195445
463040
180735
356948
782561
953764
415837
951457
165234
308331
654754
381543
720337
958976
814548
102109
562446
668361
103010
825654
436845
107018
280941
149236
627852
206323
497865
101915
152225
115724
173536
820745
837560
152427
208226
257946
715041
173334
197348
204420
138837
611938
303119
905147
656253
133625
329440
123824
872158
894673
165436
594156
192439
196851
210011
195849
525541
461743
270332
111312
214019
586460
191841
185442
172029
200614
983773
135528
307127
599671
183741
148032
154835
139435
287248
713239
349244
101006
459453
199150
146735
845458
992774
128329
106016
188448
211417
818859
314225
164030
134324
727654
541943
156334
198047
106824
130922
513736
545345
169141
151324
724446
368753
587664
558657
151526
770352
194847
979984
959574
899885
667056
692964
861456
156536
818455
510326
211215
165941
877168
878776
826353
195950
622236
196346
158035
144832
627549
209228
153429
172130
972566
590047
130518
171128
887373
139839
263436
298051
929464
397154
143426
203923
118124
139637
448347
126426
701535
199352
197651
186949
162935
169343
547046
174437
368551
187850
200109
381038
108525
194443
122418
454140
395251
518746
177241
132017
465852
397760
548250
571548
109830
162733
923755
353740
250427
994273
217126
181131
245333
880157
937160
387959
185139
475855
615441
114116
120111
186545
159744
917558
141119
304020
473952
843151
912447
172332
645551
111009
127933
102614
635245
902242
143224
760551
154431
145127
114924
196144
122822
891667
209834
135629
127327
150423
136631
171330
117122
281135
580650
175338
626648
143830
989987
176744
153631
355239
827052
623137
512835
453542
212015
178849
385046
856463
161731
138332
193845
113316
180836
173637
163836
168240
200917
133928
107321
814649
220721
214726
129028
297655
901442
202820
105216
154229
268850
506234
125424
911849
128935
100307
171532
206828
115219
947668
210112
299760
103515
852455
144226
149539
196952
567052
191942
348545
111211
672756
412528
148840
200513
138130
257845
159138
173839
844961
189349
366446
212217
249947
246133
180230
557857
358144
965367
804646
105620
163432
898176
379657
792867
204319
749058
131217
695768
155938
162329
784565
121618
299154
683256
180432
193441
214524
178647
182739
173435
200311
227533
987074
167238
151930
634748
700634
111413
812746
147636
118932
581349
289555
613538
825553
105014
552544
896879
117728
311320
108222
529953
157942
158136
333330
942658
255639
201717
352132
169444
793465
991267
969476
677766
168139
192843
815247
188347
633847
748662
268749
124220
910443
151425
221319
114217
889579
211316
510225
194140
531536
285446
449753
134425
100610
904044
156435
134829
141422
127630
177140
429040
580347
300719
561444
901139
151829
124422
585256
910241
116726
146432
148335
500222
130821
197550
566454
152831
231928
680957
154936
118225
304727
191033
389357
164939
727553
130013
783462
737960
729254
181636
130619
201515
578158
541640
135730
112112
599469
305830
122317
199453
788674
188145
390645
108020
176239
183337
766563
479762
154532
211114
884064
146836
119732
124826
112920
877269
178950
102513
134627
973770
156637
422632
690152
141826
675661
151627
209127
832651
144731
116524
907656
689470
688569
106319
128026
177342
102311
826454
104012
280739
101309
751348
601127
154330
352738
365343
211720
698168
568963
486759
308129
456346
167743
677968
120414
114621
172433
199251
614439
104820
378857
186040
